55 		26.0285 26.5547 32.1637 34.9435 30.7851 28.2194 34.3831 34.118  29.606  25.2629 30.8916 32.8177 34.9211 34.6189 30.8226 34.4103 34.5645 32.7901 25.9419 29.0335 35.4719 24.8053 25.9422 27.5936 35.3912 28.3082 35.4763 29.8843 35.7918 30.3169 28.9611 35.5065 34.682  28.3288 33.3208 31.7762 28.2836 32.8151 25.7509 31.203  32.4736 34.4823 33.432  32.5562 32.6146 29.9387 33.9707 26.2411 29.1091 24.9162 31.4722 26.2951 27.1368 24.4458 27.345  33.1272 29.6104 25.412  32.1189 29.6555
88   	30.7668 25.7586 24.7304 31.5027 31.2577 28.7849 25.2093 28.4904 35.9247 31.1141 31.7704 33.237  29.9225 32.5158 28.9894 26.0517 35.5722 34.1661 31.5335 34.6894 25.0804 31.2463 35.6735 34.6439 28.6339 33.11   32.4875 25.3547 27.6131 30.1682 24.4715 36.0261 34.9061 25.1971 29.3897 25.3337 24.2684 24.1498 25.1116 30.3683 26.4776 31.9749 35.8583 35.7455 30.1619 32.7575 24.82   26.5191 29.1172 35.7855 34.2205 32.7571 34.4885 34.4937 33.2341 27.7647 32.637  32.0807 35.1602 29.3004
440   	30.979  27.428  35.4591 28.5326 24.0577 28.4918 25.6808 34.0317 29.361  24.1014 26.222  28.5847 25.8915 31.3558 33.2168 31.9026 32.4549 30.7646 24.4374 33.8958 26.8687 35.6504 29.3463 32.691  25.9455 28.1775 33.7236 27.4522 24.3026 30.1186 33.5988 32.5665 25.5078 28.9652 29.7922 29.3353 32.0763 27.4945 25.1174 39.9334 45.2015 43.5674 42.0291 35.9725 37.7583 40.2312 43.0426 41.1397 41.9377 40.3094 42.6809 37.7403 44.0826 38.3147 34.3333 36.6137 44.6793 36.0625 44.8497 34.7945
597 	27.4144 25.3973 26.46   31.9782 26.1251 27.4629 30.4888 34.9292 27.558  30.6863 27.5106 32.2694 32.8335 27.1294 24.9908 32.6095 25.387  32.6741 34.6068 33.5194 29.0122 28.7052 32.1156 29.1209 26.424  33.4519 33.6234 29.4565 35.0254 26.6069 34.4423 34.8473 28.8965 34.4386 32.0105 34.8157 27.7728 11.5493 20.219  19.6781 14.7151 14.3835 15.5557 9.57331 10.6357 16.6386 17.2361 19.6428 18.3168 15.3225 19.1063 11.4546 16.888  18.2691 11.5831 14.1176 20.2289 11.1314 9.98019 10.7201
198 	28.0747 41.7835 42.1198 38.7345 44.3196 34.3157 32.2124 31.8679 24.3011 14.5474 17.1777 22.2789 24.3573 31.0105 31.4443 34.837  46.5501 48.3011 38.8587 42.3626 35.6567 31.4985 19.7938 12.1236 15.3712 12.4359 15.7626 24.6788 32.5973 43.0044 36.6163 38.9346 42.954  34.9566 36.1832 28.1765 16.3258 14.9877 10.6797 22.7278 24.0753 24.0577 36.6162 43.9824 39.1977 40.1177 40.0776 34.7518 34.0178 23.7495 18.3743 12.2511 15.5389 18.6989 28.9726 24.0444 39.4043 38.0344 46.4582 44.4323
170 	35.9258 34.3601 36.8129 41.6699 33.0051 32.8896 20.6579 14.713  15.4679 19.4486 20.8808 36.15   44.262  45.4064 44.5532 29.7262 33.4035 19.4187 19.8111 18.7687 23.8189 35.1031 35.8554 39.7761 38.9337 32.6482 36.6745 23.9739 19.1861 18.8524 21.8593 23.0264 28.5491 44.0749 42.8595 45.1513 40.6436 34.3019 17.9363 22.1737 18.4738 26.0639 34.8423 30.3571 40.7255 35.3295 42.4148 26.8759 19.7363 16.5024 19.6711 23.608  29.2072 35.9468 34.5492 43.5977 43.6723 40.8966 26.1019 21.0406
8 		30.9493 34.317  35.5674 34.8829 30.6691 35.2667 35.895  25.9022 28.8917 32.2092 28.9898 26.0572 31.7516 32.294  31.0631 24.1612 26.6554 25.2452 30.5956 31.391  32.1604 33.7765 31.1336 32.626  28.8616 27.6223 33.9381 33.9836 34.8895 29.4617 34.5734 32.4431 30.0745 25.0495 29.2942 28.2689 28.4819 29.8917 33.1162 26.4574 27.4442 33.0784 33.2286 27.5837 24.4895 26.2151 24.0331 26.4765 34.8568 30.5934 35.4341 31.1248 24.2424 29.7172 35.9365 36.0187 26.3866 33.1842 31.3025 34.523
212  	28.4257 26.9938 26.9668 30.847  35.515  34.0646 33.1163 27.1808 37.2714 36.2559 29.6748 36.6051 35.1412 39.0806 36.7262 39.4162 32.78   35.5054 33.4954 37.0514 34.0591 31.4759 39.7085 32.1267 32.2649 37.7158 33.4    41.8694 43.5012 37.201  37.9621 37.0262 38.7755 39.9923 43.3845 41.2662 44.3841 42.2948 46.3428 42.4979 36.4419 37.5313 42.5587 47.3838 43.5715 40.6887 39.4836 38.767  47.4946 45.1023 43.0655 46.9664 47.4131 41.3982 50.551  46.5232 46.3846 41.8187 51.2098 45.7781
304  	27.6792 33.5059 23.5936 29.5401 31.2456 31.7891 29.9296 27.1186 32.8661 28.0952 20.9018 28.2636 25.396  27.6674 23.3225 23.4474 23.2294 23.878  25.6356 27.3443 24.2763 23.5404 23.8112 20.8636 16.9069 21.5761 14.6181 14.948  18.6867 24.682  22.3914 13.9003 19.4409 13.0709 10.7505 10.9764 20.0395 12.1304 18.0864 10.6113 15.3643 18.6756 19.3187 17.4772 16.5993 13.8059 9.15697 10.8103 9.42373 11.6022 13.9429 12.6735 15.4575 14.6864 9.88177 3.85724 9.13941 6.37396 8.2564  12.6818
278  	31.228  26.2065 30.9115 33.2714 31.564  35.6257 28.5426 27.6846 31.7055 28.3834 32.0022 39.6861 33.6738 34.2638 30.9116 37.9742 35.9135 37.4674 43.8132 35.4338 40.9041 45.5331 45.277  38.5857 39.8546 46.5066 47.7635 38.1385 42.5486 47.2624 48.329  44.0324 45.9146 42.9399 49.621  42.0098 45.4942 50.237  45.7366 43.5573 43.5421 54.5188 50.0327 46.0956 49.6369 51.6186 55.4625 51.1941 51.6004 46.3226 52.6551 53.9512 48.8702 56.0503 56.4809 55.0496 53.9247 53.9208 61.7568 56.7657
